11000100111010001100101010010011
11110011110110101110101111011100
00100111010101111000111001110110
10011011110110100101001010100001
01101010100001000100110001001111
00110110110101100101101110101001
11010111100110011000111010101110
01111100111011100111001010001000
11100101001110011100100000000000
01000101110000011011011100100100
01100111001001000110101100111011
10011100110010010111110011111000
10100101111011110000100101011000
11111100000011101001000010000011
10001100100011011000000100000100
10001100101101010010000000011010
11000110101111111001001101010111
01110010001010101111100110011100
10110011011110100001001111101100
11101111000101001001011100011011
01110010011011101100011011000110
00100000001110111111001101001101
01000010001000110000010010001011
01000100110111011000100001011011
11110101000000110111100110100000
11111101001001100110111000000001
00011001001011010011111111000010
00100111111000000111001011011110
10000111000000001100110100011011
01101001000100110111010011011101
11001011010000101110000010100111
01111001011011000100110011010000
11110000100010011111001110100101
10010111111011100010010011010001
01000111001100000111011101001100
00000010000000101010101110111111
01101000000001001000011011100010
10010110110011001011101110100100
11100001111001111001000001010010
10010011100101011101101101000101
10111010010000011000100110110011
00110000101101001000001011111001
01101110101111100010000110000101
01100001000110010100100100111100
01000010000000101100001011100101
10111111111111100110001110100011
00011110101010100000011000000111
11010111010111111011101111110000
11100010110101011011000100100100
01010111110111101011001000101100
10110001010101111100110111111010
00100110001011110011110111001100
11010001011101001110111011000001
11111101000111100101001111001010
10001010001110111010001101110101
10010111100000000100111111110101
10010101110010011010100011110011
01001100000100010110110100000110
10101101110110001100101100001110
10001110011111100111001001100000
01010010101111110010101110110010
10110011000110000101111010010111
10010110011110101011101111011010
01011111010010000111010101011101
10001011111011011011110100110111
11101010110101011100101110111000
11011010101110101100010101011000
10100101101000011001100110100101
10101010000000100111101000011100
10000000000101101010001101010001
00100101100101111110101001101100
01001110110101000000010001111111
00111100000110100101001010101110
11100100101110111101101001100001
11111100011100011110101110110100
11101101100100001100010111101100
11001010011111111111110011001000
00010111000111000011100010001001
00011101101011111011011010000111
11010001010111001110010010011001
10000010011100101100000100000110
11001101100100111111110000001101
00110111110110101011011001010100
11111000010111001111101110011110
01011001101011100001110011000110
01001011001110101110100010110010
11001011010010001100111010110101
00100111001101010000110110011001
11110100110100010010111011100101
11010101000101001101011011010001
00101100101111110000110001111101
01010011000010110101000111011001
00000001001000101101000110001111
10100110000000111101111011100010
01000110111110011000110111110110
01100011100100011010011111010010
10000110101101011101110001101000
11010010001010011000110001010111
00000000000000110100000000101111
11011010010001000001001011000101
10000101001011101110000111110101
10001010100001011111000111111110
01011110001011101111110011101001
11010010000100011100100001010001
10000000010010101100000010111110
11001100000100101101111010001111
01100100001000001110011111010100
01010010111111110110000110011001
10001000111011110100101100010000
11001000010100001000001000100001
